function H = GenerateH()
    H = zeros(10, 100);
    H(1, 1) = 1;
    H(2, 10) = 1;
    H(3, 20) = 1;
    H(4, 25) = 1;
    H(5, 40) = 1;
    H(6, 50) = 1;
    H(7, 75) = 1;
    H(8, 80) = 1;
    H(9, 90) = 1;
    H(10, 100) = 1;
end

